15766628586
18229581875
15399739693
15632755187
13785487834
15386331655
13680907561
13975513575
17707431356
13751904177
15045211086
13873995242
13806333144
18931025851
18249545162
15767314848
13722752191
15945418963
15336376821
15813209911
18182703311
18245229649
15274370872
13789943660
17516271275
15173913115
18867224953
14786676838
17773933622
13874288600
15214422921
18045759880
13624650737
13797129485
15813933988
15173901908
17774349485
13719568171
15845439603
18845683991
13187267687
17742625083
18711975305
15106336718
15206424568
13229694008
18569661277
18711990956
15773908188
17363971075
13352769884
13421518338
18673458722
13828959567
15714562178
18607646294
13832777710
15819095125
13719546693
15246999321
15128040957
15128032957
13644625227
18107396790
13563279503
18335956626
13692953037
18606337759
15243907052
15273989883
18344460449
18773997455
13085129049
17718993353
18295700823
15665295805
15813931915
18998511638
18300376062
13487621833
13828944599
15031993336
13276371257
15762363013
15100758838
15673998565
13536455596
13543199882
18804560558
18819540985
13058250885
13386335203
13107098528
13626339278
18138170577
13357971296
15896151863
18352338788
15851759096
13459614138
18936399568
15996165761
13179528346
15240268551
15996150211
13852398611
19952357898
18360767079
15260160005
13063175383
15896435622
13376912601
15260513672
13625931863
15260164510
15259699598
15260628641
13337979636
13901405549
13400903097
18259623007
18050756188
17750191093
13799810816
13859216610
18060267715
15160510272
13062403787
13559665935
13625947299
18759663481
13859207469
13779906536
13559666406
13159492527
18759950896
13960502290
17750465462
13062101177
15859870121
13859213790
13960076709
13656044192
15859859440
15059511365
13799827899
15059026903
15959466861
18605983668
13507581752
13400977952
15306939173
15080550236
15959470996
13489624326
18060150613
13733261493
13045988980
13015683575
15880523211
15036262094
13178192005
13695053850
18030348377
13951217478
13559325586
15127672473
13803140203
15240133132
15105005583
18233811708
15695991298
13653265655
18331436861
18965352053
15259903492
13952398329
13850907837
15890878517
15033694122
18338677068
15837662719
18006960519
13933110493
13203778826
17603906352
15603228378
15039282682
18396034933
13955480357
13683723193
18639082606
15037202108
15385293688
15036263376
18256390261
15155040940
13673100040
15731070965
18933023055
15115943597
15103202829
18769352876
15861790783
13215037671
15061214260
13782077038
18960044818
15226788557
15093700192
13213715210
15132926189
18712300802
13124441903
15556729988
15159035750
18332295740
13663889235
18326372736
13956408001
13525606263
13243418535
18110892999
13363832108
13784019754
13623234514
18955420665
13400988489
15232228045
18756736162
13615903126
13613918584
15031779829
13939729749
13866083488
13582476927
18075239817
18837922198
13956745896
15937021179
15055977229
13965987313
13785921427
18237692611
15931717259
15512787930
18715255861
15833091340
13569798534
15859389068
18098672792
15131633910
15836082289
18855418190
15373995816
18755489558
13938805764
18455098267
13523771213
13799060740
13937615139
15127709439
13783160681
13805542192
15385805727
15398232607
15027401565
15343178653
15188281129
15893326132
18713649923
15056527942
15357649007
15860624679
13799189778
18737672131
18326830785
15130086133
18739969019
18063026119
15030830058
15830494155
18639769582
18255481716
13523628920
15936141227
13131755216
15833042177
18360608106
13515543472
13373464108
18697604659
15225816890
13355651518
18055951321
13803206862
15130764838
17396312400
15155777493
15032751928
15503810776
13195388205
17839302738
15225992821
18893649885
18959330137
13866542860
15030988868
18137935590
13043927970
15538727153
13785065678
14730088071
18055496353
18303301850
13335544856
15225237964
13865612990
13633203374
15075246641
13831745944
15539846699
18537684733
15312128526
13400315403
15233820367
13623763799
13838871205
18731178389
18738613318
18033793125
15081852922
15055219953
15006037349
15603299351
15139783512
18759756669
18203767850
18336298325
13180034520
13483730996
15939393054
15959614235
13966491898
15937671105
13613204102
13831173331
18338722438
13513122743
15028010441
15855425080
13230266229
18755030659
15033222064
13782028322
13937608543
18037963545
13623270025
15832270011
17855634570
13731464838
13838871738
18942620061
15824934262
15838736227
15931681940
15665644455
15759326127
15955012085
13932779652
15938336862
13955796678
13592090927
18331847315
13603889113
15831971737
15731283029
13606992164
13028658264
15939762981
18233325296
15081413951
18837622136
17303190196
15937057658
15349812396
13373175262
13955504272
15059218030
13803789552
15056935596
18337478073
18715678965
13838802108
18755907655
15236666558
15106030665
13966318392
15555291585
15127761877
13784285937
15194701678
15860627148
13653794277
17356133665
17596926599
13733127668
13655618968
15280837829
13860558732
18356648672
17759306665
15905521598
15128092077
18355178468
15226751802
18730916889
13866871651
18790053356
13932752206
13613293411
15637469332
18950519729
15239914199
18837450658
18119535527
13375091508
15339377099
13783194402
13721773018
15631013750
13633379569
13303186027
18250102117
18730083873
13045502687
15206034070
13931033416
13696740836
13630820961
15532768185
15633703638
18750881240
13932710626
18133375911
15030496646
17756758611
18348268202
13950566029
18726895807
13663115491
13839040768
15062931398
18937830117
13363096825
13782121676
18110528982
18855718237
13966517263
15033521570
13383899560
18156809527
15614923886
13015707899
15531724324
18931999664
13462027207
18712280507
15855689700
15512784089
13938333678
17739286525
13933025119
18034009265
13525605192
13933857940
15833417520
13569730970
13383797133
13400280221
13832142406
15028578123
15032966205
13832753533
15932117776
18075082863
15959338211
13960003940
17681215549
13513103481
17733053102
17732801686
18131049968
18014409120
13965721551
15076354378
15227016395
15830088067
15100802090
15737761056
18056795636
15225611715
15031752389
17332927820
18303315141
15395492607
15733711320
15028035716
15194460160
13230088116
15139841972
15225688325
18332144412
15538791959
15930150552
15176035563
18705231569
15956127752
15083337612
15385935129
15075759513
13785275421
15824933454
13839300550
18760279766
18733961660
13525495371
15731234919
18225823009
18232022496
13599606660
15649631820
15755425953
15650623869
13966139982
15720103097
13722493488
15903165398
18168125613
13722241793
13223939627
15094457749
15603278583
18756482564
13833144550
13733006309
15838555813
15131078065
13838487464
18956832878
18733913655
13637186061
15100661488
13754418408
15128701467
15232960545
18269880321
13865542912
13956486371
13838827054
15212586682
13931852660
13273311110
15839944885
13784964603
18725571797
13721024328
15932726774
17716564996
18633466564
18365210161
18132580105
13598224696
15369387891
13213868670
18065687308
13459305593
18256233529
15503176868
13860903613
13930711051
15030863778
15131140370
13831818386
13785847292
18005546221
15393486379
18211989579
13937705110
13832096542
15555917589
18909676693
15132258500
13271129930
18394317563
15256116093
18659588387
15605607336
13013051367
15290249352
15839701753
17367786509
18050641975
14731109043
18255454550
13832164409
13213732131
17778888694
15075770358
18931910507
15803308807
15212039372
13483803919
17637769069
17831105154
13784749357
15032020183
13034020888
18637553566
13937088984
15160515671
15993113610
18738655265
15127912483
18225793603
13463179006
15544747887
15260055616
13103358031
13696590031
15030914969
18730726686
18455046019
15236625443
18617485053
15290951186
13103763526
13515611510
13473996897
15222972796
18237961673
15613087038
15512253009
18110629597
15055408245
15030788329
15297689676
13473802269
15233633888
18855782795
15955407398
13849927219
13722771205
15178655898
18730779167
13605909409
15100985364
18734031093
18155501353
13838709397
13733075698
13462663957
15955033870
15755472152
15238299597
13655685077
13403759279
13932042863
18255436073
15031036758
15212808073
13685682619
15240001012
15631790944
13775426042
15733052875
18803632296
13033196810
15837649721
15933091120
13837422363
15732728199
15137529923
13295939808
15396969729
13483010439
15294597997
15237646987
13838801783
13721866819
13930000676
15555283725
15859843083
15233710836
15830072989
15555929097
13866148354
15059662895
15100058021
17733780219
18830888915
18738628067
13213856740
13833832713
13960179803
15128754356
13855485127
13483855140
15075706949
13932022555
13782932984
13730381105
18726995967
18356701997
13021862663
15839351669
13603765837
15155705345
15256173945
13191610899
13603179807
15100808619
18736750985
13503767802
13470840751
15027402321
13473974873
15133174043
13315275993
13463213681
13463245565
13815684203
13383027636
13363672682
18756721767
13832183968
13930036308
13933197344
13513780014
13305642055
13696660044
13770493207
15156197893
15833087209
15156753187
15936104727
13933843000
18326533986
15956112665
13673247405
13323759993
13303391285
13473283318
13483738604
18032287687
13780296220
18931942699
13731827993
13305087054
18919614126
13832271102
13965779992
15133758655
13838400894
18356752904
15130378255
15839303825
18238120949
15551297999
15805649210
13623246320
15960338278
13357975300
15152407871
13375201072
15189558842
15195414026
18262711713
13813321261
18052377277
15050804502
18762014093
13776721270
13952388923
15733520988
13930332176
13859210526
15851742002
18994595505
13400961733
13515242835
18752421237
15859624542
18906066848
18762020053
18752437598
15260574636
15052683076
13599592261
13860898506
13952329538
15005238453
13559670828
13852385067
13722556746
13915154389
13912088667
18012080829
15260672373
13861559385
13400947028
18762056682
13695937356
17766118475
13606966460
13960111992
13395219766
13646048987
15060532341
15006065126
13290877085
18959651788
13599657305
13605000332
13709372682
13063177727
18359611478
18650695825
13695934031
13860858451
13376915299
18250237417
13599656367
15260649551
18965281571
18259603526
13860831495
18060234621
15859609600
18960025668
13375967673
13459617732
13605062564
18965289988
18006968708
13799708278
13338306769
13695957470
13625917535
13489665367
13656049850
13709326809
13695950288
18050753663
15359679865
15715038928
18050483745
18359607759
18705989702
15037782968
13663787568
13832180953
15030076720
15837644825
18338380185
13915124570
18250231779
13912077530
15252371858
15259679918
13860814766